The data described shows the pay difference between males and females. It shows the portion of males/females over 16 years of age that work full time for the past 12 months.
Each file that we will be using focuses on a different ethnicity. First file we have does not filter for ethnicity and is of the general population. Then we have one for Asians, Blacks, and Whites.
We hope to reveal the disparities in earnings between males and females, and also for people of different ethnicities. Since there appears to be a relationship that males earn more money than females. We also hope to use the margin of errors to show that there can be large variances
in the amount of money males and females make. Through comparing these files we will be able to see the relationship between ethnicities compared to the general population and to each other since they all have the similar information collected about them.

Sex by work experience in the past 12 months by earnings in the past 12 months for the population 16 years and over
Note: it was difficult copying the titles of each field so only the first five are listed.
https://public.enigma.com/datasets/sex-by-work-experience-in-the-past-12-months-by-earnings-in-the-past-12-months-for-the-population-16-years-and-over/3a76190f-4a5d-4e10-ac1b-3876639d4050
					Total	Margin of Error	Male	Margin of Error for Male  Worked Full-time	Margin of Error for Worked full-time
	
					3658	284	1877	156	1010	139	0	11	1010	139	0	11	0	11	0	11	18	21	0	11	7	11	8	14	8	12	37	42	0	11	96	53	156	62	55	35	87	49	77	46	83	54	112	49	89	54	42	32	135	53	867	146	494	113	373	85	68	56	30	26	13	19	27	25	25	20	45	35	11	19	5	10	16	19	10	15	0	11	29	26	6	10	16	19	32	27	10	15	13	15	0	11	0	11	17	19	1781	172	532	100	0	11	532	100	0	11	9	14	0	11	6	10	9	15	0	11	24	24	10	15	25	29	27	25	59	40	83	47	18	24	56	32	40	30	60	42	21	22	9	14	48	40	28	25	1249	162	628	120	621	121	147	70	83	46	40	29	67	41	42	28	37	31	39	32	21	23	29	28	8	13	50	34	11	16	0	11	0	11	27	40	0	11	0	11	8	13	0	11	12	17	1	0
					3853	260	1764	160	863	129	0	11	863	129	0	11	17	28	0	11	0	11	0	11	0	11	23	38	52	43	69	66	0	11	81	62	149	98	43	41	79	50	58	48	43	41	80	56	91	88	17	29	61	54	901	149	598	135	303	124	51	50	55	54	3	7	27	32	19	29	40	48	17	27	0	11	10	18	0	11	0	11	13	22	18	28	20	34	17	28	13	20	0	11	0	11	0	11	0	11	2089	197	729	136	0	11	729	136	18	29	0	11	0	11	0	11	30	35	19	31	36	48	87	57	26	43	34	39	128	74	76	57	59	55	46	66	95	86	0	11	62	55	0	11	0	11	13	25	1360	216	931	186	429	156	75	69	25	37	35	41	24	38	77	62	20	33	30	34	29	33	29	46	19	31	0	11	21	30	33	42	0	11	0	11	12	20	0	11	0	11	0	11	0	11	2	1
					4266	251	2067	178	1308	158	0	16	1308	158	23	37	0	16	24	38	0	16	39	35	45	48	10	17	1	5	25	32	0	16	106	62	102	56	282	135	108	66	106	75	184	93	93	56	99	86	16	28	45	54	759	176	493	158	266	105	40	43	29	30	26	30	7	13	7	12	0	16	46	43	0	16	11	18	0	16	62	60	22	36	0	16	0	16	0	16	0	16	0	16	16	23	0	16	0	16	2199	188	743	172	0	16	743	172	0	16	0	16	15	26	7	13	17	27	0	16	48	37	28	33	35	37	26	36	93	64	140	85	95	63	48	44	88	76	42	36	35	44	0	16	12	19	14	21	1456	186	961	186	495	116	109	65	30	34	121	66	26	29	62	46	31	34	42	43	16	26	16	25	0	16	24	27	18	27	0	16	0	16	0	16	0	16	0	16	0	16	0	16	0	16	3	2
				
Sex by work experience in the past 12 months by earnings in the past 12 months for the population 16 years and over (Asian Alone)
https://public.enigma.com/datasets/sex-by-work-experience-in-the-past-12-months-by-earnings-in-the-past-12-months-for-the-population-16-years-and-over-asian-alone/d32784dc-5d46-42b9-9e9c-c650b8def776?filter=%2B%5B%5D%E2%86%93b20005d_001
					Total	Margin of Error	Male	Margin of Error for Male  Worked Full-time	Margin of Error for Worked full-time					
					8688	1143	3570	759	2518	519	0	22	2518	519	0	22	0	22	0	22	0	22	27	47	0	22	0	22	0	22	0	22	0	22	0	22	0	22	0	22	0	22	106	121	0	22	112	115	235	222	251	195	1787	487	1052	450	806	417	246	165	48	78	0	22	41	72	0	22	0	22	0	22	0	22	43	76	13	20	0	22	0	22	0	22	0	22	12	19	0	22	0	22	0	22	39	51	50	84	0	22	5118	812	1680	408	0	22	1680	408	0	22	0	22	0	22	0	22	0	22	69	113	0	22	0	22	0	22	63	72	124	182	41	67	47	76	40	68	60	99	0	22	39	63	97	114	47	64	1053	401	3438	770	2563	584	875	406	45	75	67	107	0	22	0	22	403	356	42	68	0	22	0	22	100	117	0	22	0	22	39	62	0	22	0	22	40	66	12	19	0	22	37	60	79	74	11	19	200326	200325
					7133	760	3376	466	1158	253	0	16	1158	253	0	16	0	16	0	16	0	16	151	113	55	63	103	86	55	72	91	70	36	58	41	51	251	143	79	77	123	127	0	16	51	48	13	21	11	20	15	25	83	97	2218	429	1468	376	750	291	46	58	47	58	67	64	75	60	100	104	241	134	105	98	35	56	20	32	0	16	14	22	0	16	0	16	0	16	0	16	0	16	0	16	0	16	0	16	0	16	3757	454	959	253	0	16	959	253	0	16	0	16	0	16	32	40	114	89	43	52	44	44	56	77	75	95	0	16	52	45	14	23	12	19	144	109	72	81	87	68	67	68	11	18	121	107	15	24	2798	421	1940	364	858	244	48	46	25	45	195	112	47	51	69	61	135	103	68	68	99	102	71	65	15	25	0	16	17	27	43	49	0	16	0	16	0	16	12	19	0	16	14	22	0	16	68064	68063
					7040	821	3344	433	2655	330	0	30	2655	330	0	30	0	30	0	30	16	26	18	30	0	30	0	30	0	30	0	30	0	30	88	135	20	33	16	26	0	30	17	28	41	68	151	123	71	71	410	235	1807	429	689	287	472	233	217	170	0	30	102	125	0	30	0	30	19	33	0	30	0	30	0	30	20	32	0	30	0	30	0	30	0	30	9	15	67	106	0	30	0	30	0	30	0	30	0	30	3696	475	1336	394	0	30	1336	394	0	30	0	30	0	30	0	30	0	30	0	30	0	30	50	78	41	66	17	28	34	54	0	30	48	77	88	97	0	30	26	33	147	120	29	35	227	245	629	267	2360	475	1621	416	739	250	28	31	68	88	220	145	0	30	19	31	48	73	0	30	42	71	36	60	17	28	22	40	46	72	0	30	94	107	0	30	46	72	0	30	0	30	16	26	37	61	265885	265884

Sex by work experience in the past 12 months by earnings in the past 12 months for the population 16 years and over Black or African American alone
https://public.enigma.com/datasets/sex-by-work-experience-in-the-past-12-months-by-earnings-in-the-past-12-months-for-the-population-16-years-and-over-black-or-african-american-alone/da8dea0e-f463-4620-9270-7183e60ed495
											Total	Margin of Error	Male	Margin of Error for Male  Worked Full-time	Margin of Error for Worked full-time
Census Tract 9563, Adjuntas Municipio, Puerto Rico	14000US72001956300	PR	140		15	23	15	23	0	13	0	13	0	13	0	13	0	13	0	13	0	13	0	13	0	13	0	13	0	13	0	13	0	13	0	13	0	13	0	13	0	13	0	13	0	13	0	13	0	13	0	13	0	13	15	23	7	11	8	12	0	13	0	13	0	13	0	13	0	13	0	13	0	13	8	12	0	13	0	13	0	13	0	13	0	13	0	13	0	13	0	13	0	13	0	13	0	13	0	13	0	13	0	13	0	13	0	13	0	13	0	13	0	13	0	13	0	13	0	13	0	13	0	13	0	13	0	13	0	13	0	13	0	13	0	13	0	13	0	13	0	13	0	13	0	13	0	13	0	13	0	13	0	13	0	13	0	13	0	13	0	13	0	13	0	13	0	13	0	13	0	13	0	13	0	13	0	13	0	13	0	13	0	13	0	13	0	13	0	13	0	13	0	13	1	0
Census Tract 9564, Adjuntas Municipio, Puerto Rico	14000US72001956400	PR	140		2	4	2	4	0	13	0	13	0	13	0	13	0	13	0	13	0	13	0	13	0	13	0	13	0	13	0	13	0	13	0	13	0	13	0	13	0	13	0	13	0	13	0	13	0	13	0	13	0	13	2	4	2	4	0	13	0	13	0	13	0	13	0	13	0	13	0	13	0	13	0	13	0	13	0	13	0	13	0	13	0	13	0	13	0	13	0	13	0	13	0	13	0	13	0	13	0	13	0	13	0	13	0	13	0	13	0	13	0	13	0	13	0	13	0	13	0	13	0	13	0	13	0	13	0	13	0	13	0	13	0	13	0	13	0	13	0	13	0	13	0	13	0	13	0	13	0	13	0	13	0	13	0	13	0	13	0	13	0	13	0	13	0	13	0	13	0	13	0	13	0	13	0	13	0	13	0	13	0	13	0	13	0	13	0	13	0	13	0	13	2	1
Census Tract 9565, Adjuntas Municipio, Puerto Rico	14000US72001956500	PR	140		69	66	56	51	13	19	0	13	13	19	13	19	0	13	0	13	0	13	0	13	0	13	0	13	0	13	0	13	0	13	0	13	0	13	0	13	0	13	0	13	0	13	0	13	0	13	0	13	0	13	43	40	43	40	0	13	0	13	0	13	0	13	0	13	0	13	0	13	0	13	0	13	0	13	0	13	0	13	0	13	0	13	0	13	0	13	0	13	0	13	0	13	0	13	0	13	13	16	0	13	0	13	0	13	0	13	0	13	0	13	0	13	0	13	0	13	0	13	0	13	0	13	0	13	0	13	0	13	0	13	0	13	0	13	0	13	0	13	0	13	0	13	0	13	13	16	13	16	0	13	0	13	0	13	0	13	0	13	0	13	0	13	0	13	0	13	0	13	0	13	0	13	0	13	0	13	0	13	0	13	0	13	0	13	0	13	0	13	0	13	3	2

Sex by work experience in the past 12 months by earnings in the past 12 months for the population 16 years and over (White Alone)
https://public.enigma.com/datasets/sex-by-work-experience-in-the-past-12-months-by-earnings-in-the-past-12-months-for-the-population-16-years-and-over-white-alone/d8641522-cc46-4d38-a3ac-80a181051045
					Total	Margin of Error	Male	Margin of Error for Male  Worked Full-time	Margin of Error for Worked full-time
					787	148	356	78	183	68	0	12	183	68	0	12	0	12	4	7	0	12	16	25	0	12	14	19	0	12	5	8	0	12	14	15	48	34	12	14	21	21	9	12	0	12	10	10	9	15	8	9	13	16	173	49	117	43	56	33	0	12	0	12	18	23	0	12	0	12	0	12	0	12	24	23	0	12	0	12	0	12	6	10	5	7	0	12	0	12	0	12	0	12	0	12	3	5	0	12	431	98	176	61	0	12	176	61	0	12	0	12	0	12	0	12	20	20	26	26	12	18	17	21	0	12	5	9	5	8	3	6	7	13	5	8	0	12	14	20	21	25	0	12	33	26	8	9	255	60	144	42	111	52	29	28	23	37	13	18	6	9	7	8	5	7	5	7	0	12	4	6	4	6	7	10	5	7	3	6	0	12	0	12	0	12	0	12	0	12	0	12	0	12	1	0
					1917	270	906	204	394	116	25	39	369	98	0	12	0	12	0	12	0	12	0	12	33	47	40	45	0	12	0	12	0	12	19	21	87	74	0	12	0	12	0	12	0	12	15	17	15	23	45	47	115	67	512	175	245	78	267	137	70	50	24	39	23	35	70	64	0	12	8	13	8	14	0	12	12	19	10	18	0	12	0	12	7	11	6	11	0	12	6	9	0	12	0	12	5	9	18	27	1011	146	415	92	0	12	415	92	0	12	0	12	0	12	0	12	34	38	0	12	0	12	72	59	10	18	5	10	105	86	32	39	7	13	7	11	0	12	43	48	6	10	5	8	32	40	57	44	596	130	382	98	214	113	57	73	18	27	23	21	24	36	0	12	0	12	48	47	0	12	0	12	0	12	8	12	22	38	0	12	0	12	0	12	7	11	7	11	0	12	0	12	0	12	2	1
					1551	311	908	243	458	182	0	12	458	182	0	12	0	12	16	24	24	39	22	26	0	12	72	45	38	59	75	75	26	43	0	12	34	28	14	21	35	57	63	52	0	12	20	24	14	21	0	12	5	9	450	148	234	105	216	115	26	29	41	50	44	40	30	37	0	12	38	39	0	12	3	16	0	12	0	12	33	39	0	12	0	12	0	12	0	12	0	12	0	12	0	12	1	11	0	12	643	120	220	90	0	12	220	90	0	12	0	12	0	12	0	12	31	42	15	24	0	12	24	26	9	17	29	30	18	29	45	40	11	17	9	14	0	12	0	12	0	12	0	12	15	16	14	18	423	109	250	72	173	85	10	18	0	12	40	43	45	48	30	30	24	38	7	12	0	12	6	10	0	12	0	12	0	12	11	16	0	12	0	12	0	12	0	12	0	12	0	12	0	12	3	2